302123024
302122768
302126344
302188820
302057496
302123804
302124308
302126364
352394500
352394504
352394508
352394512
352395524
352395528
352395532
352395536
352396548
352396552
352396556
352396560
352397572
352397576
352397580
352397584
352398596
352398600
352398604
352398608
352399620
352399624
352399628
352399632
352394756
352394760
352394764
352395780
352395784
352395788
352396804
352396808
352396812
352397828
352397832
352397836
352398852
352398856
352398860
352399876
352399880
352399884
352460036
352460040
352460044
352460048
352461060
352461064
352461068
352461072
352462084
352462088
352462092
352462096
352463108
352463112
352463116
352463120
352464132
352464136
352464140
352464144
352465156
352465160
352465164
352465168
352460292
352460296
352460300
352461316
352461320
352461324
352462340
352462344
352462348
352463364
352463368
352463372
352464388
352464392
352464396
352465412
352465416
352465420
